$ANSIBLE_VAULT;1.1;AES256
31666366643566323266356535653632663130333337623435333463363832353030643864633133
3361313533326432616530356536353235643066323232630a303061343966353838376334333362
35336532373261386538356436333566636264666231386436363164373261636230643765656662
3665376164346238300a363037636530323339383761366339363139373732663963396436333139
39373863633364366162616534613738653430386162653263613439643035306236646130306465
33313930346632303230366534623165326466666330626330333134633039336263633630333936
63393337343836663835333961316461376433373038306238393431313833663130656333333562
62633263323466376133306132643938393066316437343234653334613666626535666532623133
62386665626265613130343962373438373161376664663562306332366164366261623834366462
64613437366265653866333962333737303234363739306264666263316530316366623934313461
61366365363431353265633462386436656665613261633165343238613437616138393835353234
30616161633330313935366631303566323235616339373239346330646232353038393639316433
63303033303439343665393037386530316630656261313938353166633438643035613563643337
39626338393137626332643232643039396364353766633433653631323363663665373735633865
37616332623332656266363632383465653565656562373464636366353363343031386163326532
36313131383664636630
